0.10000000000000000000135525271560688054250931600108742713928222656250000000000000000000000000000000000000000000000000000000000000
3
0.00000000000000006670000000000000407854490446387745761866928820380678866186485720390919595956802368164062500000000000000000000000
0
0
0
0
0
0
Black_Hole
Black hole
90.00000000000000000000000000000000000000000000000000000000000000000000000000000000000000000000000000000000000000000000000000000000
9999999999999999999.00000000000000000000000000000000000000000000000000000000000000000000000000000000000000000000000000000000000000000000000000000000
0.00000000000000000000000000000000000000000000000000000000000000000000000000000000000000000000000000000000000000000000000000000000
0.00000000000000000000000000000000000000000000000000000000000000000000000000000000000000000000000000000000000000000000000000000000
0.00000000000000000000000000000000000000000000000000000000000000000000000000000000000000000000000000000000000000000000000000000000
0.00000000000000000000000000000000000000000000000000000000000000000000000000000000000000000000000000000000000000000000000000000000
0.00000000000000000000000000000000000000000000000000000000000000000000000000000000000000000000000000000000000000000000000000000000
0.00000000000000000000000000000000000000000000000000000000000000000000000000000000000000000000000000000000000000000000000000000000
rock_1
Micrometeroid
1.00000000000000000000000000000000000000000000000000000000000000000000000000000000000000000000000000000000000000000000000000000000
1.00000000000000000000000000000000000000000000000000000000000000000000000000000000000000000000000000000000000000000000000000000000
10000.00000000000000000000000000000000000000000000000000000000000000000000000000000000000000000000000000000000000000000000000000000000
1000.00000000000000000000000000000000000000000000000000000000000000000000000000000000000000000000000000000000000000000000000000000000
10.00000000000000000000000000000000000000000000000000000000000000000000000000000000000000000000000000000000000000000000000000000000
0.00000000000000000000000000000000000000000000000000000000000000000000000000000000000000000000000000000000000000000000000000000000
0.00000000000000000000000000000000000000000000000000000000000000000000000000000000000000000000000000000000000000000000000000000000
0.00000000000000000000000000000000000000000000000000000000000000000000000000000000000000000000000000000000000000000000000000000000
rock_2
Micrometeroid
2.00000000000000000000000000000000000000000000000000000000000000000000000000000000000000000000000000000000000000000000000000000000
5.67600000000000000019428902930940239457413554191589355468750000000000000000000000000000000000000000000000000000000000000000000000
1302.00000000000000000000000000000000000000000000000000000000000000000000000000000000000000000000000000000000000000000000000000000000
12.00000000000000000000000000000000000000000000000000000000000000000000000000000000000000000000000000000000000000000000000000000000
-231.00000000000000000000000000000000000000000000000000000000000000000000000000000000000000000000000000000000000000000000000000000000
0.00000000000000000000000000000000000000000000000000000000000000000000000000000000000000000000000000000000000000000000000000000000
1.00000000000000000000000000000000000000000000000000000000000000000000000000000000000000000000000000000000000000000000000000000000
32.00000000000000000000000000000000000000000000000000000000000000000000000000000000000000000000000000000000000000000000000000000000
